0
1
2
3
1518
4
411
412
413
1519
414
459
460
6
7
8
408
409
410
9
10
11
12
1018
13
14
15
182
1088
1022
16
1023
17
18
19
20
21
1024
1090
22
1057
32
33
1058
23
24
25
1005
1006
1007
26
27
28
1008
1009
1010
200
201
1065
1066
1067
1068
1069
423
1027
1028
1011
1012
29
30
31
34
35
36
37
38
1019
39
40
1020
41
42
1021
1089
45
46
47
48
49
50
136
243
44
51
52
53
54
55
56
57
58
59
228
229
230
231
60
61
62
63
64
65
66
67
227
431
432
433
434
68
69
224
225
226
70
71
72
73
74
75
76
77
83
1520
78
79
80
81
82
218
219
220
221
222
84
85
86
87
88
89
90
91
1051
375
376
379
380
377
378
438
439
92
261
93
94
271
272
435
436
154
95
1044
1045
1046
96
97
278
281
282
283
284
276
277
279
280
118
120
98
99
424
100
101
43
165
213
214
113
184
185
467
1079
1080
114
115
116
117
300
255
121
360
466
1516
5
1094
1095
122
123
124
125
126
127
285
286
287
288
289
290
291
292
293
294
295
296
297
298
299
128
129
130
131
132
133
134
135
137
138
139
140
141
142
301
302
303
304
305
306
143
311
312
313
314
315
316
317
318
144
145
146
147
148
149
150
151
152
153
319
320
321
322
323
324
156
157
158
159
160
162
163
325
326
330
437
440
275
329
273
328
327
166
167
168
169
170
171
172
173
174
175
176
1029
332
333
334
335
428
429
430
331
177
178
179
180
181
336
425
426
427
186
187
188
189
190
191
192
1025
1026
1091
193
194
195
196
197
198
199
357
358
359
202
203
204
415
208
209
210
211
382
383
384
212
386
387
388
389
390
391
392
393
394
395
396
215
216
398
399
400
401
402
403
404
422
207
206
397
223
478
479
480
233
234
235
236
237
238
239
240
241
242
381
374
244
245
246
247
248
249
250
251
252
253
254
256
257
258
259
260
262
263
264
265
266
267
268
269
270
307
308
309
310
337
338
339
340
274
341
342
343
344
345
346
347
348
349
350
351
352
353
354
355
356
361
368
370
371
372
373
362
363
364
365
366
367
385
1000
1001
1002
1003
1004
1052
1053
1054
1055
1056
1092
405
406
407
1013
1014
1015
1016
1017
417
418
419
420
421
453
461
1517
369
119
416
441
442
443
444
445
1030
1031
1032
1033
1034
1035
1036
1037
1038
1039
1040
446
1041
1042
1043
447
448
449
450
451
452
1047
1048
1049
1050
454
455
456
457
458
1064
1059
1060
1061
1062
1063
462
463
464
465
1070
1071
1072
1073
1074
468
469
470
1075
1076
1077
1078
471
1081
1082
473
474
475
476
477
1083
1084
1085
1086
1087
481
482
483
484
485
486
487
488
489
490
491
492
493
494
1093
495
496
498
497
1501
499
1500
1502
1096
1097
1098
1099
1100
1503
1504
1505
1101
1102
1103
1104
1105
1508
1509
1510
1507
1506
1106
1107
1108
1109
1110
1111
1112
1113
1114
1115
1511
1512
1513
1514
1515
1116
1117
1118
1119
1120
1121
1122
1123
1124
1125
1136
1137
1138
1139
1543
1544
1545
1546
1547
1548
1549
1140
1141
