0
4
414
459
460
9
10
11
12
1018
13
14
15
182
1088
1022
16
1023
17
18
19
20
21
1024
1090
22
1057
32
33
1058
23
24
25
1005
1006
1007
26
27
28
1008
1009
1010
200
201
1065
1066
1067
1068
1069
1027
1028
1011
1012
29
30
31
34
35
36
37
38
1019
39
40
1020
41
42
1021
1089
45
46
47
48
49
50
136
44
51
52
53
54
55
56
57
58
59
60
61
62
63
64
65
66
67
68
69
70
71
72
73
74
75
76
78
79
80
81
82
84
85
86
87
88
89
90
91
1051
92
93
94
154
95
1044
1045
1046
96
97
118
120
98
99
424
43
165
213
214
184
185
1079
1080
114
115
116
117
1094
1095
122
123
124
125
126
127
128
129
130
131
132
133
134
135
137
138
139
140
141
142
143
144
145
146
147
148
149
150
151
152
153
156
157
158
159
160
162
163
166
167
168
169
170
171
172
173
174
175
176
1029
177
178
179
180
181
186
187
188
189
190
191
192
1025
1026
1091
193
194
195
196
197
198
199
202
203
204
208
209
210
211
212
215
216
207
206
361
368
1001
1002
1003
1004
1052
1053
1054
1055
1056
1092
1013
1014
1015
1016
1017
1030
1031
1032
1033
1034
1035
1036
1037
1038
1039
1040
1041
1042
1043
1047
1048
1049
1050
1064
1059
1060
1061
1062
1063
1070
1071
1072
1073
1074
1075
1076
1077
1078
1081
1082
1083
1084
1085
1086
1087
1093
1096
1097
1098
1099
1100
1101
1102
1103
1104
1105
1106
1107
1108
1109
1110
1111
1112
1113
1114
1115
1116
1117
1118
1119
1120
1121
1122
1123
1124
1125
1136
1137
1138
1139
1140
1141
