107
104
1572
105
1582
1569
1559
1533
1564
1567
1568
1532
1553
1551
1547
1554
1555
488
1556
1590
489
1509
1522
1129
1583
1565
1149
1526
1527
1528
1148
1545
1550
494
1155
442
484
1140
1095
1500
1505
495
473
1105
493
1584
1503
477
1510
1134
475
444
457
436
401
470
483
445
432
454
425
391
433
1128
404
754
394
1124
450
1514
1123
1141
456
1146
435
426
395
396
290
364
1563
1515
497
449
1516
279
437
1076
1151
458
482
287
1142
1535
711
321
358
765
1131
471
322
481
1562
758
241
1104
276
257
755
1116
201
761
407
1075
466
307
406
356
330
759
1078
297
1068
125
1051
339
363
447
335
388
283
274
1127
207
126
362
405
332
331
1012
273
397
1145
756
1519
448
299
206
284
171
305
1099
1132
260
259
301
355
166
747
386
351
354
1117
256
399
306
238
348
346
724
329
748
384
1085
419
168
1118
221
417
295
357
577
218
1055
1061
700
721
374
689
742
453
318
714
250
345
1041
1071
1109
122
323
387
669
375
1053
121
1004
216
713
738
760
1009
1518
271
733
315
294
1067
313
1111
230
226
314
1136
420
736
751
1112
1072
1098
1032
1052
730
744
1086
409
641
576
1002
244
180
1042
1083
1139
663
1017
225
163
668
705
245
285
1056
89
248
710
1517
1025
588
91
97
96
270
734
688
383
1074
1016
1079
551
1043
286
1014
266
687
1091
415
1502
99
692
716
312
1006
1001
246
697
722
165
267
1033
1057
608
1007
311
1093
556
1108
665
1082
360
237
459
1005
586
264
1081
698
557
593
679
1029
695
190
694
685
90
1030
167
1037
160
268
552
690
592
677
1047
640
113
1064
261
1020
79
196
702
563
727
177
185
569
210
580
1031
676
83
300
36
186
703
644
82
553
66
184
188
179
178
643
80
231
675
154
596
239
715
174
191
118
709
343
187
215
198
133
63
594
413
543
619
202
65
651
604
416
1059
137
203
62
139
138
412
621
659
529
603
548
135
606
559
173
120
43
242
583
662
546
547
660
141
159
144
581
623
95
647
71
617
648
88
117
601
129
628
561
524
534
629
86
657
69
37
52
615
92
76
77
7
45
114
506
59
638
142
48
599
645
49
30
585
38
610
508
522
503
361
28
536
532
56
652
5
550
87
57
17
41
47
15
182
46
23
541
55
8
119
21
527
25
516
501
414
616
511
100
31
500
520
540
20
537
521
3
1
531
16
4
0
44
9
530
2
33
29
605
507
10
523
12
14
542
50
39
19
42
243
564
514
512
18
54
70
533
526
525
24
538
40
513
535
518
143
32
72
6
51
509
136
574
539
613
11
611
528
505
35
74
510
519
515
22
565
73
75
555
13
517
58
549
582
654
602
67
115
172
132
612
93
637
53
460
208
131
584
554
1022
116
1024
627
26
502
34
101
195
27
572
134
140
622
60
614
570
85
504
646
661
706
130
1023
671
204
655
381
620
1088
68
653
1021
84
545
656
579
189
369
650
607
411
64
98
568
175
128
573
696
717
145
571
600
1018
626
658
682
591
385
197
61
1049
684
1045
147
192
1019
567
1090
630
176
566
1065
562
560
368
618
624
1026
262
674
81
672
1089
673
78
595
598
1036
625
193
649
1060
726
149
1035
609
719
265
234
590
263
227
639
1039
544
146
720
255
1034
686
1013
683
224
729
228
170
707
461
1097
94
587
152
704
213
664
1027
440
678
1107
1046
597
269
410
1106
1040
666
642
558
667
408
156
1580
680
735
247
209
681
240
1073
1038
194
212
578
1028
157
222
589
424
376
254
1015
232
1115
1096
1080
1058
1044
718
211
467
181
1048
158
430
151
418
229
1003
423
1126
1008
1066
757
1581
370
235
699
233
371
1070
670
1062
253
378
421
324
728
251
272
725
741
316
344
1010
745
1114
1054
148
380
1113
691
1138
337
428
701
377
740
249
723
712
743
429
1092
326
317
1143
199
1137
693
708
739
123
252
325
746
220
169
334
575
1084
1110
737
124
347
278
214
349
1063
379
236
1077
1538
219
333
472
750
298
350
304
281
752
296
382
499
731
1050
327
749
150
439
422
293
1534
153
1087
341
438
282
328
455
1011
275
393
223
1119
340
389
310
302
162
1520
336
258
359
338
468
1144
465
402
303
365
366
342
1000
352
398
400
732
320
127
1130
155
353
277
1120
1069
431
1102
200
1122
1100
289
763
280
1585
288
1543
1549
1094
1536
485
1121
1501
1135
498
1560
452
464
319
372
427
308
1154
373
496
1548
1125
451
309
392
292
291
390
469
1507
367
434
1150
161
1133
476
446
463
443
403
1561
762
462
1586
1523
1147
478
474
487
1101
492
1524
441
1544
1537
1512
1531
1103
1504
1506
1511
1513
1530
1529
490
1525
479
486
1508
1152
1566
491
1546
480
1588
753
1539
1521
1571
1540
1557
1587
1541
1552
1558
1589
1153
1542
111
1570
110
